16.787109375,39.375,-4.482421875,-138.779296875,-0.263671875,-76.46484375,-0.087890625,-1.494140625
16.787109375,39.375,-4.39453125,-138.779296875,-0.17578125,-76.46484375,-0.087890625,-1.494140625
16.69921875,39.375,-4.39453125,-138.779296875,-0.263671875,-76.46484375,-0.087890625,-1.494140625
16.787109375,39.375,-4.39453125,-138.779296875,-0.263671875,-76.46484375,-0.087890625,-1.58203125
16.787109375,39.375,-4.39453125,-138.779296875,-0.17578125,-76.46484375,-0.087890625,-1.494140625
16.787109375,39.287109375,-4.39453125,-138.779296875,-0.17578125,-76.46484375,-0.087890625,-1.494140625
16.787109375,39.287109375,-4.39453125,-138.779296875,-0.17578125,-76.46484375,-0.087890625,-1.58203125
16.875,39.287109375,-4.39453125,-138.779296875,-0.17578125,-76.46484375,-0.087890625,-1.494140625
16.875,39.287109375,-4.39453125,-138.779296875,-0.087890625,-76.46484375,-0.087890625,-1.58203125
16.875,39.287109375,-4.39453125,-138.779296875,-0.087890625,-76.46484375,-0.087890625,-1.494140625
16.875,39.287109375,-4.39453125,-138.779296875,-0.087890625,-76.46484375,-0.087890625,-1.494140625
16.875,39.287109375,-4.39453125,-138.779296875,-0.087890625,-76.46484375,-0.087890625,-1.494140625
16.875,39.287109375,-4.39453125,-138.779296875,0,-76.46484375,-0.087890625,-1.494140625
16.875,39.287109375,-4.39453125,-138.779296875,-0.087890625,-76.46484375,-0.087890625,-1.494140625
16.875,39.287109375,-4.39453125,-138.779296875,-0.087890625,-76.46484375,-0.087890625,-1.494140625
16.875,39.287109375,-4.39453125,-138.779296875,-0.087890625,-76.46484375,-0.087890625,-1.494140625
16.875,39.287109375,-4.39453125,-138.779296875,-0.087890625,-76.46484375,-0.087890625,-1.494140625
16.875,39.287109375,-4.39453125,-138.779296875,-0.087890625,-76.46484375,-0.087890625,-1.494140625
16.875,39.287109375,-4.39453125,-138.779296875,-0.17578125,-76.46484375,-0.087890625,-1.494140625
16.875,39.287109375,-4.39453125,-138.779296875,-0.17578125,-76.46484375,-0.087890625,-1.494140625
16.875,39.287109375,-4.39453125,-138.779296875,-0.17578125,-76.46484375,-0.087890625,-1.494140625
16.875,39.375,-4.39453125,-138.779296875,-0.17578125,-76.46484375,-0.087890625,-1.494140625
16.875,39.287109375,-4.39453125,-138.779296875,-0.17578125,-76.46484375,-0.087890625,-1.494140625
16.875,39.287109375,-4.39453125,-138.779296875,-0.17578125,-76.46484375,-0.087890625,-1.494140625
16.875,39.375,-4.39453125,-138.779296875,-0.263671875,-76.46484375,-0.087890625,-1.494140625
16.875,39.287109375,-4.39453125,-138.8671875,-0.263671875,-76.46484375,-0.087890625,-1.494140625
16.875,39.287109375,-4.482421875,-138.955078125,-0.263671875,-76.46484375,-0.087890625,-1.494140625
16.875,39.287109375,-4.39453125,-138.955078125,-0.17578125,-76.46484375,-0.087890625,-1.494140625
16.875,39.287109375,-4.39453125,-139.04296875,-0.17578125,-76.46484375,-0.087890625,-1.494140625
16.875,39.287109375,-4.39453125,-139.04296875,-0.17578125,-76.46484375,-0.087890625,-1.494140625
16.875,39.287109375,-4.39453125,-139.04296875,0,-76.46484375,-0.087890625,-1.494140625
16.787109375,39.287109375,-4.39453125,-139.04296875,0,-76.46484375,-0.087890625,-1.494140625
16.787109375,39.287109375,-4.39453125,-139.04296875,0,-76.46484375,-0.087890625,-1.58203125
16.787109375,39.287109375,-4.306640625,-138.955078125,0,-76.46484375,-0.087890625,-1.494140625
16.787109375,39.19921875,-4.306640625,-138.8671875,0,-76.46484375,0,-1.494140625
16.875,39.19921875,-4.306640625,-138.8671875,0,-76.46484375,0,-1.494140625
16.875,39.111328125,-4.39453125,-138.8671875,0.087890625,-76.46484375,0,-1.494140625
16.875,39.111328125,-4.39453125,-138.779296875,0.087890625,-76.46484375,-0.087890625,-1.494140625
16.787109375,39.111328125,-4.482421875,-138.779296875,0.087890625,-76.46484375,-0.087890625,-1.494140625
16.787109375,39.0234375,-4.482421875,-138.69140625,0.087890625,-76.46484375,-0.17578125,-1.494140625
16.787109375,39.0234375,-4.39453125,-138.69140625,0.17578125,-76.46484375,-0.17578125,-1.58203125
16.787109375,38.935546875,-4.39453125,-138.603515625,0.087890625,-76.46484375,-0.087890625,-1.494140625
16.787109375,38.84765625,-4.39453125,-138.603515625,0.17578125,-76.46484375,-0.17578125,-1.58203125
16.787109375,38.671875,-4.39453125,-138.603515625,0.263671875,-76.46484375,-0.17578125,-1.494140625
16.787109375,38.49609375,-4.39453125,-138.427734375,0.3515625,-76.46484375,-0.17578125,-1.494140625
16.69921875,38.3203125,-4.482421875,-138.33984375,0.439453125,-76.46484375,-0.17578125,-1.494140625
16.69921875,37.96875,-4.482421875,-138.251953125,0.52734375,-76.46484375,-0.17578125,-1.494140625
16.611328125,37.79296875,-4.39453125,-138.1640625,0.52734375,-76.46484375,-0.17578125,-1.494140625
16.5234375,37.353515625,-4.482421875,-138.1640625,0.615234375,-76.46484375,-0.17578125,-1.494140625
16.435546875,37.001953125,-4.482421875,-138.1640625,0.615234375,-76.46484375,-0.17578125,-1.494140625
16.34765625,36.474609375,-4.5703125,-138.076171875,0.615234375,-76.46484375,-0.263671875,-1.494140625
16.34765625,36.123046875,-4.74609375,-138.076171875,0.703125,-76.46484375,-0.17578125,-1.58203125
16.171875,35.33203125,-4.833984375,-138.076171875,0.791015625,-76.46484375,-0.17578125,-1.494140625
16.083984375,34.8046875,-5.009765625,-137.98828125,0.791015625,-76.46484375,-0.17578125,-1.494140625
15.99609375,34.013671875,-5.185546875,-137.8125,0.87890625,-76.46484375,-0.17578125,-1.494140625
15.908203125,33.486328125,-5.44921875,-137.724609375,0.966796875,-76.46484375,-0.263671875,-1.494140625
15.8203125,32.6953125,-5.625,-137.4609375,1.142578125,-76.46484375,-0.263671875,-1.494140625
15.732421875,32.16796875,-5.625,-137.021484375,1.23046875,-76.46484375,-0.263671875,-1.494140625
15.8203125,31.552734375,-5.44921875,-136.40625,1.142578125,-76.46484375,-0.263671875,-1.494140625
15.8203125,31.025390625,-5.2734375,-135.791015625,1.142578125,-76.46484375,-0.263671875,-1.494140625
15.908203125,30.322265625,-5.185546875,-135,1.23046875,-76.46484375,-0.263671875,-1.494140625
16.083984375,29.8828125,-5.009765625,-134.47265625,1.318359375,-76.376953125,-0.263671875,-1.494140625
16.171875,29.267578125,-4.921875,-133.681640625,1.23046875,-76.46484375,-0.263671875,-1.494140625
16.259765625,28.916015625,-4.833984375,-133.06640625,1.23046875,-76.46484375,-0.263671875,-1.494140625
16.34765625,28.30078125,-4.658203125,-132.36328125,1.318359375,-76.376953125,-0.3515625,-1.494140625
16.435546875,27.94921875,-4.658203125,-132.099609375,1.318359375,-76.46484375,-0.439453125,-1.494140625
16.435546875,27.421875,-4.658203125,-131.572265625,1.40625,-76.46484375,-0.52734375,-1.58203125
16.435546875,26.630859375,-4.658203125,-131.220703125,1.494140625,-76.46484375,-0.791015625,-1.58203125
16.435546875,26.103515625,-4.658203125,-131.1328125,1.494140625,-76.46484375,-0.966796875,-1.494140625
16.5234375,25.224609375,-4.658203125,-131.044921875,1.669921875,-76.376953125,-1.40625,-1.494140625
16.5234375,24.345703125,-4.658203125,-131.044921875,1.669921875,-76.46484375,-1.845703125,-1.494140625
16.435546875,23.37890625,-4.74609375,-130.95703125,1.58203125,-76.376953125,-2.28515625,-1.58203125
16.259765625,22.587890625,-4.74609375,-130.869140625,1.58203125,-76.376953125,-2.63671875,-1.494140625
15.99609375,21.533203125,-4.921875,-130.693359375,1.58203125,-76.2890625,-3.251953125,-1.494140625
15.8203125,20.7421875,-4.921875,-130.60546875,1.58203125,-76.201171875,-3.515625,-1.494140625
15.8203125,19.6875,-5.009765625,-130.4296875,1.58203125,-76.025390625,-3.69140625,-1.494140625
15.8203125,19.072265625,-4.921875,-130.166015625,1.494140625,-75.76171875,-3.779296875,-1.494140625
15.556640625,18.017578125,-4.833984375,-129.90234375,1.494140625,-75.234375,-3.779296875,-1.40625
15.556640625,17.314453125,-4.74609375,-129.55078125,1.40625,-74.70703125,-3.69140625,-1.318359375
15.8203125,16.34765625,-4.74609375,-129.111328125,1.40625,-73.65234375,-3.427734375,-1.318359375
15.99609375,15.64453125,-4.74609375,-128.84765625,1.40625,-72.685546875,-3.33984375,-1.23046875
16.083984375,14.853515625,-4.74609375,-128.408203125,1.40625,-71.3671875,-3.076171875,-1.318359375
16.259765625,14.23828125,-4.74609375,-128.14453125,1.318359375,-70.3125,-2.900390625,-1.23046875
16.435546875,13.359375,-4.74609375,-127.6171875,1.318359375,-68.994140625,-2.548828125,-1.318359375
16.5234375,12.65625,-4.74609375,-127.265625,1.318359375,-68.203125,-2.373046875,-1.318359375
16.69921875,11.77734375,-4.74609375,-126.9140625,1.23046875,-67.060546875,-2.109375,-1.318359375
16.787109375,10.986328125,-4.74609375,-126.650390625,1.23046875,-66.4453125,-1.845703125,-1.318359375
16.962890625,10.107421875,-4.74609375,-126.298828125,1.23046875,-65.7421875,-1.58203125,-1.318359375
17.138671875,9.404296875,-4.74609375,-126.03515625,1.142578125,-65.390625,-1.40625,-1.23046875
17.314453125,8.525390625,-4.74609375,-125.859375,1.142578125,-64.951171875,-1.0546875,-1.318359375
17.490234375,7.91015625,-4.74609375,-125.595703125,1.23046875,-64.599609375,-0.87890625,-1.318359375
17.666015625,7.03125,-4.74609375,-125.419921875,1.23046875,-64.16015625,-0.703125,-1.318359375
17.75390625,6.416015625,-4.74609375,-125.244140625,1.23046875,-63.984375,-0.52734375,-1.318359375
17.841796875,5.625,-4.74609375,-125.068359375,1.318359375,-63.544921875,-0.439453125,-1.318359375
17.9296875,4.74609375,-4.74609375,-124.892578125,1.40625,-63.193359375,-0.3515625,-1.318359375
18.017578125,3.8671875,-4.74609375,-124.62890625,1.494140625,-62.75390625,-0.3515625,-1.318359375
18.193359375,3.515625,-4.74609375,-124.541015625,1.669921875,-62.578125,-0.3515625,-1.318359375
18.28125,2.98828125,-4.74609375,-124.365234375,1.7578125,-62.314453125,-0.263671875,-1.318359375
18.369140625,2.548828125,-4.74609375,-124.27734375,1.845703125,-62.2265625,-0.17578125,-1.318359375
18.6328125,2.109375,-4.74609375,-124.1015625,1.93359375,-62.2265625,-0.17578125,-1.318359375
18.6328125,2.109375,-4.658203125,-123.92578125,2.021484375,-62.2265625,-0.17578125,-1.318359375
18.720703125,1.93359375,-4.74609375,-123.837890625,2.109375,-62.2265625,-0.17578125,-1.318359375
18.720703125,2.021484375,-4.658203125,-123.837890625,2.109375,-62.2265625,-0.17578125,-1.318359375
18.80859375,2.021484375,-4.74609375,-123.92578125,2.197265625,-62.2265625,-0.17578125,-1.318359375
18.80859375,2.109375,-4.658203125,-123.92578125,2.373046875,-62.2265625,-0.17578125,-1.318359375
18.80859375,2.109375,-4.658203125,-124.013671875,2.4609375,-62.2265625,-0.17578125,-1.318359375
18.80859375,2.109375,-4.74609375,-124.013671875,2.4609375,-62.2265625,-0.087890625,-1.23046875
18.80859375,2.109375,-4.74609375,-124.1015625,2.4609375,-62.2265625,-0.17578125,-1.318359375
18.720703125,2.109375,-4.74609375,-124.189453125,2.4609375,-62.2265625,-0.17578125,-1.318359375
18.720703125,2.109375,-4.74609375,-124.27734375,2.4609375,-62.2265625,-0.17578125,-1.318359375
18.720703125,2.109375,-4.74609375,-124.453125,2.373046875,-62.2265625,-0.17578125,-1.23046875
18.6328125,2.197265625,-4.74609375,-124.62890625,2.373046875,-62.2265625,-0.17578125,-1.23046875
18.544921875,2.28515625,-4.74609375,-124.8046875,2.373046875,-62.2265625,-0.17578125,-1.318359375
18.45703125,2.4609375,-4.921875,-125.068359375,2.28515625,-62.2265625,-0.17578125,-1.318359375
18.369140625,2.4609375,-5.009765625,-125.15625,2.28515625,-62.2265625,-0.17578125,-1.23046875
18.28125,2.548828125,-5.09765625,-125.33203125,2.28515625,-62.2265625,-0.263671875,-1.318359375
18.28125,2.548828125,-5.185546875,-125.33203125,2.28515625,-62.2265625,-0.263671875,-1.318359375
18.10546875,2.548828125,-5.185546875,-125.33203125,2.197265625,-62.2265625,-0.263671875,-1.23046875
18.193359375,2.548828125,-5.185546875,-125.419921875,2.197265625,-62.2265625,-0.263671875,-1.318359375
18.193359375,2.548828125,-5.185546875,-125.33203125,2.28515625,-62.2265625,-0.263671875,-1.23046875
18.28125,2.548828125,-5.185546875,-125.244140625,2.28515625,-62.2265625,-0.17578125,-1.23046875
18.369140625,2.548828125,-5.185546875,-125.15625,2.373046875,-62.2265625,-0.263671875,-1.23046875
18.45703125,2.63671875,-5.09765625,-125.068359375,2.373046875,-62.2265625,-0.263671875,-1.318359375
18.45703125,2.63671875,-5.009765625,-125.068359375,2.4609375,-62.2265625,-0.263671875,-1.23046875
18.544921875,2.63671875,-4.921875,-125.068359375,2.4609375,-62.2265625,-0.263671875,-1.23046875
18.544921875,2.63671875,-5.009765625,-125.068359375,2.4609375,-62.2265625,-0.263671875,-1.23046875
18.6328125,2.63671875,-5.009765625,-125.15625,2.4609375,-62.2265625,-0.263671875,-1.23046875
18.544921875,2.63671875,-5.009765625,-125.15625,2.4609375,-62.2265625,-0.263671875,-1.23046875
18.544921875,2.63671875,-5.009765625,-125.15625,2.373046875,-62.2265625,-0.263671875,-1.318359375
18.6328125,2.63671875,-4.921875,-125.244140625,2.4609375,-62.2265625,-0.17578125,-1.318359375
18.6328125,2.63671875,-5.009765625,-125.244140625,2.548828125,-62.2265625,-0.263671875,-1.318359375
18.720703125,2.63671875,-4.921875,-125.33203125,2.548828125,-62.2265625,-0.263671875,-1.23046875
18.80859375,2.63671875,-4.921875,-125.33203125,2.724609375,-62.2265625,-0.263671875,-1.23046875
18.896484375,2.63671875,-4.921875,-125.33203125,2.900390625,-62.2265625,-0.17578125,-1.23046875
18.984375,2.63671875,-4.921875,-125.33203125,3.076171875,-62.2265625,-0.17578125,-1.23046875
19.16015625,2.63671875,-4.921875,-125.33203125,3.251953125,-62.2265625,-0.263671875,-1.23046875
19.248046875,2.63671875,-4.921875,-125.419921875,3.33984375,-62.2265625,-0.263671875,-1.318359375
19.51171875,2.63671875,-4.921875,-125.33203125,3.427734375,-62.2265625,-0.3515625,-1.23046875
19.51171875,2.63671875,-4.921875,-125.419921875,3.427734375,-62.2265625,-0.263671875,-1.23046875
19.423828125,2.63671875,-4.921875,-125.5078125,3.33984375,-62.2265625,-0.263671875,-1.23046875
19.3359375,2.63671875,-5.009765625,-125.68359375,3.33984375,-62.2265625,-0.263671875,-1.23046875
19.248046875,2.63671875,-5.09765625,-125.771484375,3.427734375,-62.2265625,-0.263671875,-1.23046875
19.16015625,2.63671875,-5.09765625,-125.859375,3.427734375,-62.2265625,-0.263671875,-1.23046875
19.16015625,2.63671875,-5.185546875,-125.859375,3.427734375,-62.2265625,-0.263671875,-1.142578125
19.16015625,2.63671875,-5.09765625,-125.947265625,3.33984375,-62.2265625,-0.263671875,-1.142578125
19.16015625,2.63671875,-5.185546875,-125.947265625,3.33984375,-62.2265625,-0.263671875,-1.0546875
19.16015625,2.63671875,-5.2734375,-126.123046875,3.33984375,-62.2265625,-0.263671875,-0.87890625
18.984375,2.548828125,-5.2734375,-126.123046875,3.33984375,-62.2265625,-0.263671875,-0.703125
18.80859375,2.63671875,-5.361328125,-126.2109375,3.33984375,-62.2265625,-0.263671875,-0.439453125
18.720703125,2.548828125,-5.361328125,-126.298828125,3.251953125,-62.2265625,-0.263671875,-0.087890625
18.6328125,2.4609375,-5.361328125,-126.298828125,3.251953125,-62.2265625,-0.263671875,0.087890625
18.544921875,2.4609375,-5.361328125,-126.38671875,3.251953125,-62.2265625,-0.263671875,0.615234375
18.45703125,2.4609375,-5.361328125,-126.474609375,3.251953125,-62.2265625,-0.263671875,1.0546875
18.28125,2.4609375,-5.361328125,-126.474609375,3.1640625,-62.2265625,-0.263671875,1.93359375
18.193359375,2.4609375,-5.361328125,-126.5625,3.251953125,-62.2265625,-0.263671875,2.724609375
18.193359375,2.4609375,-5.361328125,-126.474609375,3.1640625,-62.2265625,-0.3515625,4.04296875
18.10546875,2.548828125,-5.361328125,-126.474609375,3.1640625,-62.2265625,-0.3515625,5.09765625
18.017578125,2.548828125,-5.361328125,-126.474609375,3.1640625,-62.2265625,-0.263671875,6.6796875
17.9296875,2.63671875,-5.361328125,-126.474609375,3.1640625,-62.2265625,-0.439453125,7.91015625
17.75390625,2.548828125,-5.361328125,-126.5625,3.1640625,-62.2265625,-0.439453125,9.931640625
17.666015625,2.548828125,-5.361328125,-126.73828125,3.251953125,-62.2265625,-0.263671875,11.337890625
17.578125,2.4609375,-5.361328125,-126.826171875,3.251953125,-62.2265625,-0.263671875,13.359375
17.490234375,2.4609375,-5.361328125,-126.9140625,3.251953125,-62.2265625,-0.263671875,14.94140625
17.578125,2.373046875,-5.361328125,-127.08984375,3.251953125,-62.2265625,-0.263671875,17.05078125
17.578125,2.109375,-5.361328125,-127.265625,3.251953125,-62.138671875,-0.263671875,19.248046875
17.578125,2.021484375,-5.361328125,-127.353515625,3.251953125,-62.2265625,-0.263671875,20.654296875
17.666015625,1.669921875,-5.185546875,-127.353515625,3.251953125,-62.2265625,-0.263671875,22.1484375
17.841796875,1.40625,-5.09765625,-127.353515625,3.33984375,-62.2265625,-0.263671875,23.37890625
18.017578125,1.142578125,-5.009765625,-127.353515625,3.33984375,-62.2265625,-0.263671875,24.609375
18.193359375,1.0546875,-4.921875,-127.353515625,3.33984375,-62.2265625,-0.263671875,25.48828125
18.369140625,0.791015625,-4.74609375,-127.353515625,3.427734375,-62.2265625,-0.17578125,26.3671875
18.45703125,0.615234375,-4.74609375,-127.44140625,3.427734375,-62.2265625,-0.17578125,26.89453125
18.369140625,0.3515625,-4.833984375,-127.44140625,3.427734375,-62.2265625,-0.263671875,27.509765625
18.28125,0.263671875,-4.833984375,-127.529296875,3.251953125,-62.2265625,-0.263671875,27.685546875
18.544921875,0.17578125,-4.833984375,-127.705078125,3.251953125,-62.138671875,-0.263671875,27.861328125
18.544921875,0.087890625,-4.74609375,-127.705078125,3.1640625,-62.2265625,-0.17578125,27.861328125
18.6328125,0,-4.5703125,-127.79296875,3.1640625,-62.2265625,-0.263671875,27.861328125
18.80859375,0,-4.5703125,-127.880859375,3.251953125,-62.138671875,-0.17578125,27.861328125
18.984375,0.087890625,-4.306640625,-127.880859375,3.33984375,-62.2265625,-0.17578125,27.861328125
19.16015625,0,-4.21875,-127.880859375,3.33984375,-62.2265625,-0.17578125,27.861328125
19.423828125,-0.087890625,-4.21875,-127.880859375,3.427734375,-62.2265625,-0.17578125,27.861328125
19.423828125,-0.087890625,-4.21875,-127.880859375,3.427734375,-62.2265625,-0.17578125,27.861328125
19.599609375,-0.087890625,-4.21875,-127.79296875,3.33984375,-62.2265625,-0.17578125,27.861328125
19.599609375,-0.087890625,-4.21875,-127.880859375,3.251953125,-62.2265625,-0.263671875,27.861328125
19.599609375,-0.087890625,-4.130859375,-127.880859375,3.1640625,-62.2265625,-0.17578125,27.861328125
19.599609375,-0.087890625,-4.130859375,-127.96875,3.1640625,-62.2265625,-0.087890625,27.861328125
19.599609375,-0.087890625,-4.04296875,-127.96875,3.1640625,-62.2265625,-0.087890625,27.861328125
19.599609375,-0.087890625,-4.04296875,-127.96875,3.1640625,-62.2265625,-0.087890625,27.7734375
19.599609375,-0.087890625,-4.130859375,-127.96875,3.1640625,-62.2265625,-0.17578125,27.861328125
19.51171875,-0.087890625,-4.130859375,-127.96875,3.1640625,-62.2265625,-0.17578125,27.861328125
19.51171875,-0.087890625,-4.130859375,-128.056640625,3.1640625,-62.2265625,-0.087890625,27.861328125
19.423828125,-0.087890625,-4.21875,-128.056640625,3.1640625,-62.2265625,-0.263671875,27.861328125
19.423828125,-0.087890625,-4.21875,-128.14453125,3.076171875,-62.2265625,-0.52734375,27.861328125
19.3359375,0,-4.21875,-128.232421875,2.98828125,-62.2265625,-0.791015625,27.861328125
19.248046875,-0.087890625,-4.306640625,-128.232421875,2.900390625,-62.2265625,-1.318359375,27.861328125
19.16015625,-0.087890625,-4.306640625,-128.3203125,2.8125,-62.2265625,-3.076171875,27.861328125
19.16015625,-0.087890625,-4.39453125,-128.408203125,2.724609375,-62.05078125,-4.04296875,27.861328125
18.896484375,-0.087890625,-4.39453125,-128.583984375,2.63671875,-61.962890625,-6.240234375,27.861328125
18.80859375,-0.087890625,-4.39453125,-128.759765625,2.63671875,-61.962890625,-8.0859375,27.861328125
18.544921875,-0.087890625,-4.482421875,-128.935546875,2.8125,-61.787109375,-10.986328125,27.861328125
18.28125,-0.087890625,-4.482421875,-128.935546875,2.8125,-61.435546875,-13.095703125,27.7734375
18.10546875,-0.3515625,-4.482421875,-129.111328125,2.8125,-60.99609375,-16.787109375,27.861328125
17.9296875,-0.615234375,-4.482421875,-129.375,3.076171875,-60.29296875,-20.478515625,27.7734375
17.841796875,-0.966796875,-4.482421875,-129.462890625,3.1640625,-59.765625,-22.8515625,27.861328125
17.666015625,-1.669921875,-4.5703125,-129.7265625,3.33984375,-58.359375,-27.59765625,27.861328125
17.578125,-2.021484375,-4.482421875,-129.990234375,3.427734375,-57.568359375,-29.8828125,27.861328125
17.490234375,-2.63671875,-4.5703125,-130.25390625,3.779296875,-56.337890625,-33.310546875,27.861328125
17.40234375,-3.33984375,-4.5703125,-130.4296875,3.955078125,-55.107421875,-36.650390625,27.861328125
17.314453125,-3.8671875,-4.5703125,-130.60546875,4.04296875,-54.228515625,-38.84765625,27.861328125
17.2265625,-4.658203125,-4.5703125,-130.95703125,4.306640625,-53.0859375,-42.01171875,27.861328125
17.138671875,-5.09765625,-4.5703125,-131.044921875,4.482421875,-52.20703125,-44.208984375,27.861328125
17.2265625,-5.80078125,-4.5703125,-131.1328125,4.482421875,-51.15234375,-47.28515625,27.7734375
17.138671875,-6.240234375,-4.5703125,-131.1328125,4.482421875,-50.44921875,-49.5703125,27.7734375
17.05078125,-6.85546875,-4.5703125,-131.1328125,4.482421875,-49.658203125,-52.734375,27.861328125
16.962890625,-7.119140625,-4.658203125,-131.044921875,4.658203125,-49.130859375,-54.84375,27.7734375
16.962890625,-7.646484375,-4.658203125,-131.044921875,4.658203125,-48.515625,-58.359375,27.861328125
16.962890625,-8.0859375,-4.658203125,-131.1328125,4.74609375,-48.251953125,-60.8203125,27.861328125
16.962890625,-8.525390625,-4.658203125,-131.1328125,5.009765625,-47.4609375,-64.072265625,27.7734375
17.05078125,-8.7890625,-4.658203125,-131.30859375,5.2734375,-47.109375,-66.26953125,27.7734375
17.2265625,-9.31640625,-4.658203125,-131.484375,5.712890625,-46.58203125,-69.169921875,27.861328125
17.2265625,-9.580078125,-4.658203125,-131.66015625,5.888671875,-46.142578125,-70.83984375,27.861328125
17.2265625,-9.931640625,-4.658203125,-132.099609375,6.240234375,-45.52734375,-72.861328125,27.7734375
17.2265625,-10.283203125,-4.658203125,-132.1875,6.416015625,-45,-73.916015625,27.7734375
17.2265625,-10.8984375,-4.658203125,-132.71484375,6.50390625,-44.033203125,-74.970703125,27.7734375
17.2265625,-11.865234375,-4.74609375,-133.2421875,6.416015625,-42.71484375,-75.5859375,27.7734375
17.314453125,-12.65625,-4.658203125,-133.59375,6.328125,-41.220703125,-75.76171875,27.685546875
17.40234375,-13.7109375,-4.658203125,-133.9453125,6.240234375,-39.287109375,-75.9375,27.59765625
17.578125,-14.677734375,-4.658203125,-134.208984375,6.240234375,-37.44140625,-76.2890625,27.509765625
17.75390625,-15.29296875,-4.658203125,-134.296875,6.15234375,-36.03515625,-76.552734375,27.509765625
17.9296875,-16.083984375,-4.5703125,-134.384765625,6.240234375,-34.453125,-77.16796875,27.509765625
18.10546875,-16.69921875,-4.5703125,-134.47265625,6.328125,-33.486328125,-77.783203125,27.509765625
18.45703125,-17.490234375,-4.74609375,-134.47265625,6.328125,-32.255859375,-78.92578125,27.509765625
18.6328125,-17.9296875,-4.74609375,-134.384765625,6.416015625,-31.640625,-79.8046875,27.509765625
18.80859375,-18.720703125,-4.74609375,-134.296875,6.50390625,-31.2890625,-81.2109375,27.509765625
18.984375,-19.423828125,-4.658203125,-134.12109375,6.767578125,-31.2890625,-82.44140625,27.509765625
19.072265625,-19.775390625,-4.74609375,-133.9453125,6.85546875,-31.2890625,-83.3203125,27.509765625
19.16015625,-20.390625,-4.74609375,-133.857421875,7.20703125,-31.2890625,-83.935546875,27.509765625
19.16015625,-20.7421875,-4.74609375,-133.857421875,7.20703125,-31.2890625,-84.0234375,27.509765625
19.248046875,-21.005859375,-4.74609375,-133.76953125,7.294921875,-31.2890625,-83.84765625,27.509765625
19.16015625,-21.181640625,-4.74609375,-133.76953125,7.294921875,-31.2890625,-83.3203125,27.421875
19.072265625,-21.181640625,-4.833984375,-133.857421875,7.20703125,-31.2890625,-82.79296875,27.421875
18.896484375,-21.09375,-4.921875,-134.033203125,7.20703125,-31.2890625,-82.001953125,27.333984375
18.896484375,-21.005859375,-4.921875,-134.12109375,7.119140625,-31.2890625,-81.474609375,27.333984375
18.896484375,-21.005859375,-4.921875,-134.296875,6.85546875,-31.2890625,-80.595703125,27.333984375
18.80859375,-21.005859375,-5.009765625,-134.384765625,6.6796875,-31.2890625,-79.98046875,27.24609375
18.720703125,-21.005859375,-5.185546875,-134.47265625,6.328125,-31.2890625,-79.453125,27.333984375
18.6328125,-21.005859375,-5.2734375,-134.560546875,6.064453125,-31.2890625,-79.1015625,27.333984375
18.544921875,-21.005859375,-5.2734375,-134.560546875,5.712890625,-31.2890625,-78.92578125,27.333984375
18.6328125,-20.830078125,-5.185546875,-134.6484375,5.625,-31.2890625,-78.92578125,27.24609375
18.720703125,-20.654296875,-5.2734375,-134.6484375,5.537109375,-31.2890625,-78.92578125,27.333984375
18.720703125,-20.56640625,-5.361328125,-134.736328125,5.44921875,-31.2890625,-78.92578125,27.24609375
18.80859375,-20.478515625,-5.361328125,-134.82421875,5.361328125,-31.2890625,-79.013671875,27.333984375
18.80859375,-20.302734375,-5.361328125,-134.82421875,5.361328125,-31.2890625,-78.92578125,27.333984375
18.896484375,-20.21484375,-5.2734375,-134.82421875,5.361328125,-31.2890625,-79.013671875,27.333984375
18.984375,-20.126953125,-5.09765625,-134.736328125,5.44921875,-31.2890625,-78.92578125,27.333984375
18.984375,-19.951171875,-5.009765625,-134.736328125,5.44921875,-31.2890625,-79.013671875,27.333984375
19.248046875,-19.86328125,-4.921875,-134.560546875,5.625,-31.2890625,-79.013671875,27.333984375
19.51171875,-19.775390625,-4.921875,-134.47265625,5.712890625,-31.2890625,-79.013671875,27.333984375
19.6875,-19.6875,-5.09765625,-134.47265625,5.712890625,-31.2890625,-79.189453125,27.333984375
19.775390625,-19.599609375,-5.2734375,-134.47265625,5.712890625,-31.2890625,-79.365234375,27.333984375
19.775390625,-19.599609375,-5.361328125,-134.560546875,5.625,-31.2890625,-79.62890625,27.333984375
19.775390625,-19.599609375,-5.361328125,-134.560546875,5.625,-31.2890625,-80.15625,27.333984375
19.775390625,-19.599609375,-5.361328125,-134.736328125,5.537109375,-31.2890625,-80.947265625,27.333984375
19.599609375,-19.599609375,-5.44921875,-134.736328125,5.537109375,-31.2890625,-81.474609375,27.24609375
19.599609375,-19.599609375,-5.537109375,-134.82421875,5.44921875,-31.2890625,-81.826171875,27.333984375
19.6875,-19.599609375,-5.537109375,-134.82421875,5.361328125,-31.2890625,-82.08984375,27.333984375
19.599609375,-19.599609375,-5.537109375,-134.82421875,5.2734375,-31.2890625,-82.44140625,27.333984375
19.6875,-19.599609375,-5.44921875,-134.912109375,5.185546875,-31.2890625,-82.6171875,27.333984375
19.86328125,-19.51171875,-5.625,-134.82421875,5.185546875,-31.2890625,-82.705078125,27.333984375
19.86328125,-19.51171875,-5.625,-134.82421875,5.09765625,-31.2890625,-82.880859375,27.333984375
19.86328125,-19.3359375,-5.625,-134.82421875,5.185546875,-31.2890625,-82.705078125,27.333984375
19.86328125,-19.248046875,-5.537109375,-134.82421875,5.185546875,-31.2890625,-82.880859375,27.333984375
19.951171875,-19.248046875,-5.625,-134.736328125,5.09765625,-31.2890625,-82.705078125,27.333984375
19.951171875,-19.16015625,-5.537109375,-134.736328125,5.09765625,-31.2890625,-82.705078125,27.333984375
20.0390625,-19.16015625,-5.44921875,-134.6484375,5.361328125,-31.2890625,-82.6171875,27.333984375
20.126953125,-19.16015625,-5.44921875,-134.560546875,5.361328125,-31.2890625,-82.705078125,27.333984375
20.21484375,-19.072265625,-5.44921875,-134.47265625,5.361328125,-31.2890625,-82.705078125,27.333984375
20.390625,-18.984375,-5.44921875,-134.47265625,5.361328125,-31.2890625,-82.6171875,27.333984375
20.478515625,-18.80859375,-5.625,-134.47265625,5.361328125,-31.2890625,-82.6171875,27.333984375
20.390625,-18.80859375,-5.625,-134.560546875,5.2734375,-31.2890625,-82.6171875,27.333984375
20.390625,-18.720703125,-5.625,-134.560546875,5.2734375,-31.2890625,-82.6171875,27.333984375
20.302734375,-18.720703125,-5.537109375,-134.560546875,5.185546875,-31.2890625,-82.6171875,27.333984375
20.302734375,-18.6328125,-5.625,-134.6484375,5.09765625,-31.2890625,-82.6171875,27.333984375
20.302734375,-18.6328125,-5.625,-134.6484375,5.185546875,-31.2890625,-82.6171875,27.333984375
20.390625,-18.6328125,-5.44921875,-134.6484375,5.185546875,-31.2890625,-82.6171875,27.333984375
20.56640625,-18.6328125,-5.361328125,-134.560546875,5.361328125,-31.2890625,-82.529296875,27.24609375
20.654296875,-18.6328125,-5.361328125,-134.560546875,5.361328125,-31.2890625,-82.6171875,27.333984375
20.830078125,-18.6328125,-5.44921875,-134.560546875,5.2734375,-31.2890625,-82.529296875,27.333984375
20.91796875,-18.720703125,-5.537109375,-134.47265625,5.185546875,-31.2890625,-82.6171875,27.24609375
20.830078125,-18.720703125,-5.625,-134.47265625,5.185546875,-31.2890625,-82.529296875,27.333984375
20.830078125,-18.720703125,-5.537109375,-134.47265625,5.09765625,-31.2890625,-82.529296875,27.333984375
20.7421875,-18.720703125,-5.537109375,-134.384765625,5.09765625,-31.2890625,-82.529296875,27.333984375
20.830078125,-18.720703125,-5.537109375,-134.384765625,5.09765625,-31.2890625,-82.529296875,27.24609375
20.830078125,-18.720703125,-5.537109375,-134.384765625,5.09765625,-31.2890625,-82.529296875,27.333984375
20.91796875,-18.6328125,-5.625,-134.384765625,5.09765625,-31.2890625,-82.529296875,27.333984375
20.830078125,-18.6328125,-5.625,-134.296875,5.09765625,-31.2890625,-82.44140625,27.333984375
20.830078125,-18.6328125,-5.625,-134.296875,5.09765625,-31.2890625,-82.353515625,27.333984375
20.91796875,-18.6328125,-5.537109375,-134.296875,5.009765625,-31.2890625,-82.529296875,27.333984375
20.830078125,-18.6328125,-5.537109375,-134.208984375,5.009765625,-31.2890625,-82.44140625,27.333984375
20.91796875,-18.6328125,-5.537109375,-134.208984375,5.009765625,-31.2890625,-82.353515625,27.24609375
20.91796875,-18.6328125,-5.625,-134.208984375,5.009765625,-31.2890625,-82.353515625,27.24609375
20.830078125,-18.720703125,-5.625,-134.208984375,5.009765625,-31.2890625,-82.353515625,27.0703125
20.830078125,-18.720703125,-5.625,-134.296875,4.921875,-31.2890625,-82.353515625,26.806640625
20.7421875,-18.6328125,-5.625,-134.384765625,4.921875,-31.2890625,-82.353515625,26.455078125
20.654296875,-18.720703125,-5.625,-134.47265625,4.921875,-31.2890625,-82.265625,26.19140625
20.654296875,-18.6328125,-5.625,-134.47265625,4.921875,-31.2890625,-82.265625,25.751953125
20.7421875,-18.6328125,-5.625,-134.47265625,4.921875,-31.2890625,-82.353515625,25.48828125
20.654296875,-18.6328125,-5.625,-134.47265625,4.833984375,-31.2890625,-82.353515625,24.873046875
20.654296875,-18.6328125,-5.625,-134.47265625,4.833984375,-31.2890625,-82.265625,24.521484375
20.654296875,-18.6328125,-5.625,-134.47265625,4.833984375,-31.2890625,-82.265625,23.90625
20.56640625,-18.6328125,-5.625,-134.384765625,4.833984375,-31.2890625,-82.529296875,23.37890625
20.56640625,-18.6328125,-5.625,-134.384765625,4.833984375,-31.2890625,-82.529296875,22.412109375
20.56640625,-18.6328125,-5.625,-134.384765625,4.74609375,-31.2890625,-82.529296875,21.26953125
20.56640625,-18.6328125,-5.625,-134.384765625,4.833984375,-31.2890625,-82.529296875,20.390625
20.654296875,-18.6328125,-5.625,-134.384765625,4.74609375,-31.2890625,-82.705078125,19.072265625
20.654296875,-18.720703125,-5.625,-134.384765625,4.74609375,-31.2890625,-82.79296875,17.314453125
20.654296875,-18.720703125,-5.625,-134.384765625,4.74609375,-31.2890625,-82.96875,16.171875
20.654296875,-18.720703125,-5.625,-134.384765625,4.74609375,-31.2890625,-83.14453125,14.326171875
20.56640625,-18.720703125,-5.625,-134.384765625,4.74609375,-31.2890625,-83.3203125,13.0078125
20.56640625,-18.6328125,-5.625,-134.384765625,4.658203125,-31.2890625,-83.408203125,11.07421875
20.478515625,-18.6328125,-5.625,-134.384765625,4.658203125,-31.2890625,-83.49609375,9.66796875
20.478515625,-18.6328125,-5.625,-134.384765625,4.658203125,-31.2890625,-83.671875,7.55859375
20.478515625,-18.6328125,-5.625,-134.384765625,4.74609375,-31.2890625,-83.759765625,5.9765625
20.390625,-18.6328125,-5.625,-134.296875,4.74609375,-31.2890625,-83.84765625,4.74609375
20.302734375,-18.6328125,-5.625,-134.296875,4.74609375,-31.2890625,-83.935546875,3.33984375
20.21484375,-18.6328125,-5.625,-134.296875,4.74609375,-31.2890625,-84.0234375,2.4609375
20.0390625,-18.6328125,-5.625,-134.384765625,4.658203125,-31.2890625,-84.287109375,1.494140625
19.86328125,-18.6328125,-5.625,-134.384765625,4.658203125,-31.2890625,-84.462890625,0.87890625
19.775390625,-18.6328125,-5.625,-134.384765625,4.658203125,-31.2890625,-84.55078125,0.17578125
19.6875,-18.6328125,-5.625,-134.384765625,4.658203125,-31.2890625,-84.7265625,-0.263671875
19.51171875,-18.6328125,-5.712890625,-134.47265625,4.5703125,-31.2890625,-84.638671875,-0.791015625
19.51171875,-18.6328125,-5.625,-134.47265625,4.5703125,-31.2890625,-84.814453125,-1.0546875
19.51171875,-18.6328125,-5.625,-134.47265625,4.5703125,-31.2890625,-84.814453125,-1.142578125
19.51171875,-18.6328125,-5.625,-134.47265625,4.5703125,-31.2890625,-84.814453125,-1.142578125
19.599609375,-18.6328125,-5.625,-134.47265625,4.5703125,-31.2890625,-84.7265625,-1.318359375
19.599609375,-18.6328125,-5.625,-134.384765625,4.5703125,-31.2890625,-84.814453125,-1.318359375
19.51171875,-18.6328125,-5.625,-134.384765625,4.5703125,-31.2890625,-84.814453125,-1.318359375
19.51171875,-18.6328125,-5.625,-134.296875,4.482421875,-31.2890625,-84.814453125,-1.40625
19.51171875,-18.6328125,-5.625,-134.384765625,4.5703125,-31.2890625,-84.7265625,-1.40625
19.51171875,-18.6328125,-5.712890625,-134.384765625,4.5703125,-31.2890625,-84.638671875,-1.494140625
19.51171875,-18.6328125,-5.712890625,-134.384765625,4.5703125,-31.2890625,-84.7265625,-1.494140625
19.51171875,-18.6328125,-5.625,-134.384765625,4.5703125,-31.2890625,-84.814453125,-1.494140625
19.51171875,-18.6328125,-5.625,-134.47265625,4.482421875,-31.2890625,-84.90234375,-1.494140625
19.599609375,-18.544921875,-5.712890625,-134.384765625,4.39453125,-31.2890625,-84.990234375,-1.40625
19.6875,-18.544921875,-5.625,-134.47265625,4.39453125,-31.2890625,-84.990234375,-1.40625
19.6875,-18.45703125,-5.712890625,-134.47265625,4.39453125,-31.2890625,-84.7265625,-1.494140625
19.599609375,-18.28125,-5.625,-134.47265625,4.39453125,-31.2890625,-84.638671875,-1.494140625
19.6875,-18.193359375,-5.712890625,-134.47265625,4.39453125,-31.376953125,-84.7265625,-1.494140625
19.775390625,-18.10546875,-5.625,-134.47265625,4.39453125,-31.46484375,-84.638671875,-1.494140625
19.775390625,-17.841796875,-5.625,-134.47265625,4.39453125,-31.552734375,-84.638671875,-1.40625
19.86328125,-17.578125,-5.625,-134.384765625,4.39453125,-31.640625,-84.638671875,-1.494140625
19.951171875,-17.138671875,-5.625,-134.47265625,4.5703125,-31.81640625,-84.638671875,-1.40625
20.0390625,-16.787109375,-5.712890625,-134.47265625,4.5703125,-31.9921875,-84.55078125,-1.494140625
20.0390625,-16.259765625,-5.712890625,-134.384765625,4.5703125,-32.255859375,-84.462890625,-1.494140625
20.0390625,-15.8203125,-5.625,-134.384765625,4.5703125,-32.51953125,-84.375,-1.40625
20.0390625,-15.029296875,-5.712890625,-134.384765625,4.5703125,-33.046875,-84.19921875,-1.494140625
20.126953125,-14.150390625,-5.625,-134.296875,4.5703125,-33.837890625,-83.935546875,-1.40625
20.126953125,-13.53515625,-5.625,-134.296875,4.482421875,-34.541015625,-83.84765625,-1.40625
20.126953125,-12.568359375,-5.712890625,-134.208984375,4.39453125,-35.859375,-83.759765625,-1.40625
19.951171875,-11.6015625,-5.625,-134.033203125,4.39453125,-37.44140625,-83.583984375,-1.40625
19.951171875,-10.8984375,-5.625,-134.033203125,4.39453125,-38.408203125,-83.49609375,-1.40625
19.86328125,-10.01953125,-5.712890625,-133.857421875,4.39453125,-39.814453125,-83.232421875,-1.40625
19.775390625,-9.31640625,-5.625,-133.857421875,4.21875,-40.78125,-82.96875,-1.40625
19.6875,-7.734375,-5.625,-133.505859375,3.779296875,-43.2421875,-82.265625,-1.40625
19.599609375,-6.943359375,-5.712890625,-133.2421875,3.69140625,-44.82421875,-81.73828125,-1.40625
19.599609375,-6.240234375,-5.712890625,-133.06640625,3.515625,-45.87890625,-81.474609375,-1.40625
19.599609375,-5.2734375,-5.625,-132.802734375,3.33984375,-47.373046875,-81.123046875,-1.40625
19.599609375,-4.5703125,-5.712890625,-132.5390625,3.251953125,-48.427734375,-80.947265625,-1.318359375
19.6875,-3.427734375,-5.712890625,-132.1875,3.1640625,-50.009765625,-80.595703125,-1.40625
19.6875,-2.63671875,-5.712890625,-131.923828125,3.1640625,-51.064453125,-80.419921875,-1.40625
19.6875,-1.494140625,-5.712890625,-131.396484375,2.98828125,-52.646484375,-80.33203125,-1.318359375
19.599609375,-0.087890625,-5.712890625,-130.869140625,2.900390625,-54.228515625,-80.33203125,-1.318359375
19.599609375,0.703125,-5.712890625,-130.60546875,2.98828125,-55.107421875,-80.244140625,-1.318359375
19.51171875,2.109375,-5.625,-130.166015625,2.900390625,-56.42578125,-80.244140625,-1.318359375
19.51171875,2.900390625,-5.712890625,-129.814453125,2.900390625,-57.3046875,-80.33203125,-1.318359375
19.423828125,4.130859375,-5.625,-129.375,2.8125,-58.623046875,-80.244140625,-1.318359375
19.3359375,5.009765625,-5.625,-129.0234375,2.8125,-59.501953125,-80.33203125,-1.318359375
19.16015625,6.15234375,-5.537109375,-128.671875,2.8125,-60.380859375,-80.244140625,-1.318359375
18.984375,6.767578125,-5.537109375,-128.408203125,2.724609375,-60.8203125,-80.244140625,-1.23046875
18.720703125,7.734375,-5.44921875,-128.14453125,2.8125,-61.34765625,-80.419921875,-1.23046875
18.544921875,8.349609375,-5.44921875,-128.056640625,2.98828125,-61.611328125,-80.595703125,-1.318359375
18.28125,9.052734375,-5.361328125,-127.96875,2.900390625,-61.962890625,-80.595703125,-1.23046875
18.017578125,9.4921875,-5.2734375,-127.96875,2.900390625,-62.05078125,-80.595703125,-1.23046875
17.75390625,9.84375,-5.09765625,-128.056640625,2.8125,-62.138671875,-80.595703125,-1.142578125
17.578125,9.931640625,-5.009765625,-128.14453125,2.8125,-62.138671875,-80.595703125,-1.23046875
17.314453125,9.931640625,-4.921875,-128.14453125,2.724609375,-62.138671875,-80.771484375,-1.142578125
17.2265625,9.931640625,-4.921875,-128.3203125,2.724609375,-62.138671875,-80.771484375,-1.142578125
17.05078125,9.931640625,-4.921875,-128.408203125,2.63671875,-62.138671875,-80.859375,-1.142578125
16.962890625,9.84375,-4.833984375,-128.49609375,2.724609375,-62.138671875,-80.859375,-1.142578125
16.962890625,9.755859375,-4.833984375,-128.583984375,2.63671875,-62.138671875,-80.68359375,-1.142578125
16.962890625,9.580078125,-4.833984375,-128.671875,2.724609375,-62.138671875,-80.595703125,-1.142578125
16.875,9.4921875,-4.74609375,-128.671875,2.724609375,-62.138671875,-80.5078125,-1.142578125
16.875,9.4921875,-4.74609375,-128.759765625,2.724609375,-62.138671875,-80.5078125,-1.142578125
16.962890625,9.404296875,-4.833984375,-128.671875,2.724609375,-62.138671875,-80.244140625,-1.142578125
16.962890625,9.404296875,-4.74609375,-128.759765625,2.8125,-62.138671875,-79.8046875,-1.142578125
16.962890625,9.404296875,-4.74609375,-128.759765625,2.8125,-62.138671875,-79.453125,-1.142578125
16.875,9.4921875,-4.5703125,-128.759765625,2.8125,-62.138671875,-78.57421875,-1.142578125
16.875,9.66796875,-4.5703125,-128.759765625,2.63671875,-62.2265625,-77.87109375,-1.142578125
16.875,9.755859375,-4.39453125,-128.759765625,2.63671875,-62.138671875,-76.904296875,-1.142578125
16.875,9.84375,-4.306640625,-128.759765625,2.63671875,-62.138671875,-76.11328125,-1.142578125
16.875,9.931640625,-4.21875,-128.84765625,2.63671875,-62.138671875,-74.8828125,-1.142578125
16.875,10.1953125,-4.130859375,-128.84765625,2.548828125,-62.138671875,-73.740234375,-1.0546875
16.787109375,10.72265625,-3.8671875,-128.935546875,2.28515625,-62.138671875,-71.89453125,-1.142578125
16.787109375,11.07421875,-3.779296875,-129.111328125,2.197265625,-62.2265625,-70.3125,-1.0546875
16.69921875,11.77734375,-3.69140625,-129.287109375,2.109375,-62.138671875,-67.67578125,-1.0546875
16.611328125,12.3046875,-3.427734375,-129.375,1.845703125,-62.2265625,-65.654296875,-1.142578125
16.5234375,13.095703125,-3.076171875,-129.638671875,1.669921875,-62.2265625,-62.578125,-1.142578125
16.435546875,13.88671875,-2.724609375,-129.814453125,1.58203125,-62.314453125,-60.29296875,-1.142578125
16.259765625,15.029296875,-2.373046875,-130.25390625,1.40625,-62.314453125,-56.6015625,-1.142578125
16.171875,15.908203125,-2.021484375,-130.517578125,1.318359375,-62.314453125,-54.140625,-1.142578125
15.908203125,17.314453125,-1.58203125,-130.869140625,1.142578125,-62.490234375,-50.80078125,-1.142578125
15.8203125,18.369140625,-1.142578125,-131.1328125,1.23046875,-62.578125,-48.779296875,-1.142578125
15.64453125,19.775390625,-0.615234375,-131.396484375,1.142578125,-62.75390625,-45.791015625,-1.142578125
15.46875,21.005859375,-0.3515625,-131.572265625,1.0546875,-62.841796875,-43.9453125,-1.142578125
15.205078125,22.67578125,0.17578125,-131.923828125,1.23046875,-63.193359375,-40.95703125,-1.142578125
14.94140625,23.818359375,0.52734375,-132.1875,1.40625,-63.369140625,-39.111328125,-1.142578125
14.677734375,25.48828125,1.0546875,-132.5390625,1.845703125,-63.720703125,-36.2109375,-1.142578125
14.4140625,26.71875,1.494140625,-132.802734375,2.109375,-63.896484375,-34.013671875,-1.142578125
14.0625,28.4765625,2.109375,-133.2421875,2.63671875,-64.16015625,-30.5859375,-1.23046875
13.974609375,29.794921875,2.63671875,-133.59375,3.076171875,-64.248046875,-28.212890625,-1.23046875
13.7109375,31.640625,3.33984375,-133.9453125,3.603515625,-64.51171875,-24.609375,-1.23046875
13.359375,32.783203125,3.8671875,-134.296875,3.955078125,-64.775390625,-22.32421875,-1.23046875
12.919921875,34.453125,4.482421875,-134.82421875,4.306640625,-65.126953125,-18.984375,-1.23046875
12.65625,35.68359375,5.09765625,-135.087890625,4.5703125,-65.390625,-17.05078125,-1.318359375
12.216796875,37.353515625,5.625,-135.439453125,5.009765625,-65.7421875,-14.23828125,-1.318359375
11.77734375,38.49609375,5.9765625,-135.703125,5.361328125,-66.005859375,-12.392578125,-1.318359375
11.337890625,40.166015625,6.591796875,-135.87890625,5.9765625,-66.26953125,-9.84375,-1.318359375
10.8984375,41.1328125,6.943359375,-135.966796875,6.240234375,-66.357421875,-8.525390625,-1.318359375
10.107421875,42.71484375,7.3828125,-136.0546875,6.6796875,-66.796875,-6.50390625,-1.318359375
9.66796875,43.681640625,7.646484375,-136.142578125,7.03125,-66.97265625,-5.625,-1.23046875
9.228515625,45,7.822265625,-136.142578125,7.55859375,-67.236328125,-4.39453125,-1.23046875
8.96484375,45.87890625,8.0859375,-136.142578125,7.822265625,-67.32421875,-3.603515625,-1.23046875
8.26171875,47.109375,8.173828125,-136.142578125,8.0859375,-67.32421875,-2.98828125,-1.23046875
7.734375,47.63671875,8.173828125,-136.23046875,8.26171875,-67.412109375,-2.548828125,-1.23046875
7.20703125,48.33984375,8.173828125,-136.318359375,8.701171875,-67.5,-2.373046875,-1.23046875
6.943359375,48.603515625,8.26171875,-136.40625,8.876953125,-67.5,-2.197265625,-1.142578125
6.50390625,48.8671875,8.26171875,-136.494140625,9.140625,-67.587890625,-2.109375,-1.23046875
6.15234375,48.955078125,8.26171875,-136.58203125,9.140625,-67.587890625,-2.109375,-1.23046875
5.888671875,48.955078125,8.173828125,-136.7578125,9.140625,-67.5,-2.28515625,-1.23046875
5.888671875,48.955078125,8.0859375,-136.845703125,9.140625,-67.587890625,-2.28515625,-1.23046875
5.9765625,48.955078125,8.0859375,-136.93359375,9.140625,-67.587890625,-2.28515625,-1.142578125
5.9765625,48.955078125,8.0859375,-136.93359375,9.140625,-67.587890625,-2.28515625,-1.142578125
6.064453125,48.8671875,8.0859375,-136.93359375,9.052734375,-67.587890625,-2.28515625,-1.142578125
6.064453125,48.8671875,7.998046875,-136.93359375,9.140625,-67.587890625,-2.28515625,-1.142578125
6.15234375,48.779296875,8.0859375,-136.93359375,9.31640625,-67.587890625,-2.28515625,-1.142578125
6.15234375,48.69140625,8.0859375,-136.93359375,9.31640625,-67.5,-2.28515625,-1.142578125
6.240234375,48.69140625,8.0859375,-136.7578125,9.404296875,-67.587890625,-2.28515625,-1.142578125
6.240234375,48.69140625,7.998046875,-136.669921875,9.404296875,-67.587890625,-2.28515625,-1.142578125
6.15234375,48.603515625,7.91015625,-136.669921875,9.31640625,-67.587890625,-2.28515625,-1.142578125
6.15234375,48.69140625,7.822265625,-136.58203125,9.31640625,-67.587890625,-2.197265625,-1.142578125
6.15234375,48.69140625,7.91015625,-136.58203125,9.228515625,-67.587890625,-2.109375,-1.142578125
6.15234375,48.69140625,7.998046875,-136.58203125,9.31640625,-67.587890625,-2.109375,-1.142578125
6.240234375,48.69140625,7.998046875,-136.58203125,9.31640625,-67.587890625,-2.109375,-1.142578125
6.064453125,48.603515625,7.822265625,-136.7578125,9.404296875,-67.587890625,-2.021484375,-1.142578125
6.064453125,48.603515625,7.822265625,-136.93359375,9.404296875,-67.5,-2.021484375,-1.142578125
5.9765625,48.69140625,7.734375,-137.021484375,9.404296875,-67.587890625,-2.021484375,-1.142578125
5.9765625,48.603515625,7.646484375,-137.373046875,9.31640625,-67.587890625,-2.021484375,-1.142578125
5.9765625,48.603515625,7.646484375,-137.548828125,9.404296875,-67.587890625,-2.021484375,-1.142578125
5.9765625,48.69140625,7.646484375,-137.8125,9.404296875,-67.587890625,-2.021484375,-1.142578125
5.9765625,48.603515625,7.646484375,-137.98828125,9.404296875,-67.587890625,-2.021484375,-1.142578125
5.80078125,48.603515625,7.646484375,-138.33984375,9.31640625,-67.587890625,-2.021484375,-1.142578125
5.80078125,48.603515625,7.646484375,-138.603515625,9.31640625,-67.5,-2.021484375,-1.142578125
5.537109375,48.603515625,7.646484375,-138.8671875,9.31640625,-67.587890625,-2.021484375,-1.142578125
5.361328125,48.515625,7.646484375,-139.04296875,9.31640625,-67.587890625,-2.021484375,-1.142578125
5.185546875,48.515625,7.55859375,-139.21875,9.140625,-67.587890625,-2.021484375,-1.142578125
5.009765625,48.515625,7.55859375,-139.306640625,9.140625,-67.587890625,-2.021484375,-1.142578125
4.74609375,48.427734375,7.55859375,-139.39453125,8.96484375,-67.587890625,-2.021484375,-1.142578125
4.658203125,48.427734375,7.55859375,-139.482421875,8.876953125,-67.587890625,-2.021484375,-1.142578125
4.482421875,48.427734375,7.470703125,-139.482421875,8.7890625,-67.587890625,-2.021484375,-1.142578125
4.482421875,48.33984375,7.55859375,-139.482421875,8.701171875,-67.587890625,-2.021484375,-1.142578125
4.39453125,48.251953125,7.470703125,-139.482421875,8.7890625,-67.587890625,-2.021484375,-1.142578125
4.39453125,48.1640625,7.470703125,-139.482421875,8.7890625,-67.587890625,-2.021484375,-1.142578125
4.5703125,47.98828125,7.3828125,-139.39453125,8.876953125,-67.587890625,-2.021484375,-1.142578125
4.658203125,47.900390625,7.3828125,-139.39453125,8.96484375,-67.5,-2.021484375,-1.142578125
4.921875,47.724609375,7.470703125,-139.482421875,9.140625,-67.587890625,-2.109375,-1.142578125
5.009765625,47.63671875,7.3828125,-139.482421875,9.31640625,-67.587890625,-2.021484375,-1.142578125
5.09765625,47.4609375,7.3828125,-139.5703125,9.4921875,-67.587890625,-2.021484375,-1.142578125
5.2734375,47.4609375,7.3828125,-139.5703125,9.580078125,-67.587890625,-2.021484375,-1.142578125
5.361328125,47.28515625,7.3828125,-139.5703125,9.66796875,-67.587890625,-2.021484375,-1.142578125
5.361328125,47.197265625,7.3828125,-139.5703125,9.66796875,-67.587890625,-2.109375,-1.142578125
5.537109375,47.109375,7.3828125,-139.658203125,9.66796875,-67.587890625,-2.021484375,-1.142578125
5.537109375,47.109375,7.3828125,-139.74609375,9.4921875,-67.587890625,-2.021484375,-1.142578125
5.537109375,47.197265625,7.3828125,-139.833984375,9.404296875,-67.587890625,-2.021484375,-1.142578125
5.625,47.28515625,7.20703125,-140.009765625,9.31640625,-67.587890625,-2.021484375,-1.142578125
5.625,47.28515625,7.20703125,-140.09765625,9.228515625,-67.587890625,-2.021484375,-1.142578125
5.712890625,47.373046875,7.03125,-140.09765625,9.140625,-67.587890625,-2.021484375,-1.142578125
5.80078125,47.373046875,7.03125,-140.09765625,8.96484375,-67.587890625,-2.021484375,-1.142578125
5.9765625,47.4609375,6.943359375,-140.185546875,8.876953125,-67.587890625,-2.021484375,-1.142578125
6.064453125,47.4609375,6.85546875,-140.2734375,8.96484375,-67.587890625,-2.021484375,-1.142578125
6.240234375,47.28515625,6.767578125,-140.361328125,8.96484375,-67.587890625,-2.021484375,-1.142578125
6.328125,47.28515625,6.6796875,-140.361328125,9.052734375,-67.587890625,-2.021484375,-1.142578125
6.50390625,47.28515625,6.591796875,-140.44921875,8.96484375,-67.587890625,-2.021484375,-1.142578125
6.591796875,47.373046875,6.50390625,-140.44921875,8.96484375,-67.587890625,-2.021484375,-1.142578125
6.591796875,47.4609375,6.328125,-140.537109375,8.96484375,-67.587890625,-2.021484375,-1.142578125
6.591796875,47.373046875,6.328125,-140.537109375,8.7890625,-67.587890625,-2.021484375,-1.142578125
6.591796875,47.4609375,6.064453125,-140.537109375,8.7890625,-67.5,-2.021484375,-1.142578125
6.591796875,47.4609375,5.9765625,-140.44921875,8.7890625,-67.587890625,-2.021484375,-1.142578125
6.6796875,47.4609375,5.80078125,-140.537109375,8.7890625,-67.587890625,-2.021484375,-1.142578125
6.6796875,47.4609375,5.712890625,-140.44921875,8.701171875,-67.587890625,-2.021484375,-1.142578125
6.767578125,47.373046875,5.712890625,-140.537109375,8.701171875,-67.587890625,-2.021484375,-1.142578125
6.85546875,47.373046875,5.712890625,-140.537109375,8.701171875,-67.587890625,-2.021484375,-1.142578125
6.943359375,47.4609375,5.712890625,-140.537109375,8.701171875,-67.587890625,-2.021484375,-1.142578125
7.03125,47.373046875,5.712890625,-140.537109375,8.701171875,-67.587890625,-2.021484375,-1.142578125
